STATE,solo,micro,small,medium,large,unknown,total
CA,14115,31643,22524,4217,466,7,72972
CO,890,1098,699,90,9,0,2786
CT,583,981,709,123,12,1,2409
DE,36,45,40,8,3,0,132
IL,2447,5954,4875,1054,183,0,14513
MD,838,1579,955,171,13,0,3556
ME,27,43,60,13,0,0,143
NJ,111,181,254,51,6,0,603
OR,1399,3197,2267,413,37,0,7313
VA,702,738,577,120,13,0,2150
TOTAL,21148,45459,32960,6260,742,8,106577
